17686
20532
36014
36256
77571
78248
103163
114945
146958
157460
158301
164313
165774
178180
200315
215870
225875
233633
234051
238531
254339
273176
274427
290377
309931
322565
326231
328484
334080
336340
376607
393389
400611
407900
422478
425418
425892
427140
428509
437153
452683
456891
464328
467519
468014
493016
508277
513655
520240
547138
554806
564639
582823
607842
637623
689432
694406
694956
698810
710528
713674
714035
736719
742452
759716
762076
774502
782032
786869
803295
810817
811123
813705
819694
825856
833129
842788
848810
873338
878907
910843
920920
924525
927650
929968
940615
950352
950638
951505
954665
956694
990056
1003187
1019744
1030919
1044382
1058661
1065975
1084298
1086452
1086803
1122508
1149006
1159858
1160682
1170569
1170635
1172337
1177608
1201079
1204582
1206269
1214335
1219392
1231817
1233926
1246664
1252160
1255512
1263379
1274373
1275144
1300150
1300821
1304748
1310595
1317931
1333083
1346190
1358537
1393806
1394656
1417109
1420152
1438179
1447998
1449522
1475840
1481004
1488622
1497349
1507778
1512759
1513519
1537805
1539821
1545397
1547190
1549535
1552478
1554278
1559504
1560690
1561100
1568006
1574569
1576640
1580542
1583598
1592081
1595368
1595386
1605108
1627834
1642008
1646005
1659114
1665426
1666288
1671159
1672127
1674505
1675773
1678215
1705094
1711503
1723480
1745069
1745593
1748165
1749065
1761449
1779199
1787272
1810659
1811779
1822746
1829995
1833102
1838437
1843962
1852631
1873420
1879504
1888189
1895951
1908498
1922467
1934413
1938972
1943670
1950620
1954945
1964669
1972333
2014549
2028018
2040436
2041433
2044956
2055191
2056975
2072001
2089612
2110503
2119520
2127860
2132233
2147846
2151690
2163236
2169719
2172037
2194258
2197191
2208346
2226287
2238534
2251561
2265479
2282835
2283442
2289036
2293164
2295968
2318320
2326981
2328416
2328558
2332087
2346872
2357796
2377759
2389046
2402905
2407347
2412197
2424725
2425443
2438695
2449623
2459194
2460634
2464710
2469647
2470936
2473573
2484021
2502090
2514429
2516038
2525811
2528963
2530772
2535973
2555437
2557545
2557703
2567449
2577386
2598573
2638072
2641481
2666032
2671930
2672033
2672673
2674086
2710409
2719363
2721531
2737039
2744815
2751242
2751297
2764086
2765006
2769069
2775412
2801822
2801890
2812679
2824360
2842807
2844174
2849732
2866455
2867792
2876775
2878085
2879578
2894016
2917717
2918059
2943131
2945978
2956654
2962491
2969213
2987082
3004808
3013155
3034867
3042617
3043302
3048179
3049390
3058043
3069670
3074639
3100553
3122388
3123534
3126063
3134045
3147291
3173423
3180312
3184789
3210165
3220214
3220349
3234079
3236355
3247115
3248890
3264626
3264801
3277523
3278653
3287404
3288676
3302745
3303114
3303250
3306826
3311946
3315985
3320162
3322585
3336192
3352757
3356925
3368946
3384614
3403881
3406885
3438521
3453923
3465127
3471910
3496247
3505229
3509382
3511886
3520967
3527087
3550344
3563087
3568781
3579657
3593997
3612649
3633190
3642031
3644207
3645544
3647012
3653676
3658843
3672444
3682399
3685650
3690515
3703397
3705408
3706976
3709185
3718528
3722797
3723092
3728750
3730161
3733550
3738330
3748501
3749888
3759119
3764320
3788232
3789004
3792903
3804265
3807746
3832539
3840263
3858055
3872001
3883940
3893394
3898674
3899911
3907608
3921792
3933574
3934023
3941577
3943426
3947816
3954200
3957051
3960565
3964545
3972421
3976718
3992687
4004508
4005291
4007451
4008360
4027397
4036655
4038307
4050485
4062579
4069753
4070373
4072621
4086033
4113069
4135414
4138948
4140797
4142842
4142936
4156336
4158967
4173666
4181162
4208665
4214462
4216049
4254432
4255229
4256360
4268826
4269002
4277917
4283551
4286984
4295456
4303499
4317026
4317774
4319425
4324985
4336205
4338291
4360729
4360922
4370038
4379869
4389464
4400401
4400870
4406728
4407701
4429994
4444732
4450305
4453751
4473337
4478766
4480795
4485220
4485884
4486586
4492988
4506151
4508026
4509992
4517161
4524450
4533306
4536519
4542390
4546176
4552986
4569795
4571298
4580915
4582750
4592616
4604940
4608268
4611999
4653356
4655671
4685769
4699948
4700394
4703165
4715694
4721081
4723583
4772881
4779247
4792102
4801898
4815899
4818687
4862731
4862907
4876993
4900283
4909236
4919183
4925127
4931448
4932104
4933183
4936952
4938005
4949494
4953296
4962535
4974497
4979817
4986364
4992456
4992480
5008824
5053264
5064596
5076173
5093729
5096962
5105033
5110283
5134412
5138513
5148403
5149023
5149228
5176442
5182249
5189008
5200620
5215079
5220145
5240122
5245312
5290002
5295777
5295781
5298324
5310592
5312680
5323170
5327254
5328792
5333400
5371183
5371194
5371441
5380585
5431264
5433947
5447362
5450477
5451718
5482953
5488466
5504188
5504945
5521255
5531674
5537592
5539136
5557731
5560358
5571564
5577141
5581059
5582946
5599115
5600677
5617073
5632411
5633098
5648577
5652042
5658097
5660258
5669056
5690613
5714046
5722802
5730776
5740744
5740979
5749376
5755809
5770921
5773282
5792212
5798570
5804034
5805518
5824328
5843429
5850689
5853480
5921219
5933538
5941351
5954852
5960956
5969741
5971229
5986331
5990102
5994667
6002901
6005692
6014131
6018066
6019545
6031169
6059307
6079575
6082214
6086657
6087234
6096371
6102325
6108946
6115345
6121636
6147104
6161736
6181311
6181949
6184500
6198251
6227712
6230424
6248773
6273964
6292188
6319350
6339182
6351125
6355345
6364934
6387466
6400925
6423268
6458798
6465981
6467601
6471606
6476025
6480675
6488081
6498436
6510361
6527857
6529191
6531423
6535439
6558842
6558940
6577546
6601815
6605232
6620282
6621099
6638571
6650942
6655263
6673799
6680177
6693915
6695473
6698595
6702681
6713188
6717701
6724467
6735576
6760748
6776099
6776699
6784864
6795121
6809605
6817307
6817616
6820611
6860763
6880594
6881605
6892659
6901697
6916474
6916710
6940283
6941670
6945112
6947400
6966904
6968604
6985026
6989787
6992758
7007904
7008877
7011416
7024761
7026410
7042185
7049655
7076456
7123012
7129619
7136715
7151534
7154861
7156146
7164943
7169487
7172232
7189209
7228592
7238085
7243198
7250965
7265758
7272348
7274805
7294591
7296471
7318829
7321506
7341763
7349983
7355548
7357278
7360328
7375870
7389298
7406683
7416170
7445409
7451385
7453612
7459225
7516893
7521643
7536211
7548904
7554128
7562191
7562203
7563251
7565223
7574784
7575997
7578777
7582292
7585153
7590559
7615972
7617059
7625666
7627077
7629701
7634130
7643295
7644433
7645554
7672377
7693101
7698686
7706283
7725090
7737281
7755154
7768240
7801881
7817964
7843361
7846078
7855086
7855764
7871982
7908904
7919522
7924418
7927179
7929674
7939029
7957950
7984368
8001696
8017311
8023088
8034142
8040991
8065540
8072455
8074118
8076749
8090751
8093804
8096762
8113218
8178538
8199249
8208061
8226310
8231693
8240301
8253040
8259403
8269506
8272974
8280515
8291159
8298024
8324808
8328616
8339290
8344414
8357588
8375678
8382090
8390319
8399867
8402566
8418070
8418157
8418952
8421277
8430292
8432871
8433571
8436588
8452341
8465570
8482744
8498848
8504299
8525406
8564798
8565352
8565907
8567624
8592891
8601237
8618796
8619757
8648071
8650452
8656137
8656274
8670116
8672102
8673526
8680046
8683657
8692634
8704383
8722623
8723690
8737251
8738352
8739122
8754029
8778213
8778684
8788770
8792327
8796191
8796598
8838470
8842249
8848195
8849928
8850281
8858287
8858429
8862855
8870574
8875501
8883667
8884444
8900057
8947070
8955086
8959220
8975949
8976480
8986921
8996901
8997482
9014774
9024410
9029208
9047444
9061624
9070099
9079473
9084652
9087570
9088193
9100159
9108213
9112108
9119671
9124103
9156673
9157839
9176672
9179689
9181802
9182636
9188385
9196012
9201533
9211750
9219219
9305872
9310143
9332573
9334117
9350363
9365529
9369291
9392597
9398197
9417262
9458000
9460361
9462118
9494847
9497831
9501379
9508210
9508238
9514843
9525177
9548458
9566501
9571853
9583778
9593994
9595467
9605981
9610728
9624568
9656376
9667890
9674948
9682640
9715686
9719540
9722487
9742817
9754413
9757189
9764328
9810138
9812794
9813877
9825266
9831930
9832065
9870150
9888610
9898324
9907122
9918171
9924866
9935153
9939648
9966031
9974586
9987358
